[100x_map]
x = -4.094999
y = 6.1049999999999995
z = -0.44899999999999995
date_modified = 2018-06-05T15:30:10

